1 
1 1 
1 2 1 
1 3 3 1 
1 4 6 4 1 
1 5 10 10 5 1 
1 6 15 20 15 6 1 
1 7 21 35 35 21 7 1 
1 8 28 56 70 56 28 8 1 
1 9 36 84 126 126 84 36 9 1 
1 10 45 120 210 252 210 120 45 10 1 
1 11 55 165 330 462 462 330 165 55 11 1 
1 12 66 220 495 792 924 792 495 220 66 12 1 
1 13 78 286 715 1287 1716 1716 1287 715 286 78 13 1 
1 14 91 364 1001 2002 3003 3432 3003 2002 1001 364 91 14 1 
1 15 105 455 1365 3003 5005 6435 6435 5005 3003 1365 455 105 15 1 
1 16 120 560 1820 4368 8008 11440 12870 11440 8008 4368 1820 560 120 16 1 
1 17 136 680 2380 6188 12376 19448 24310 24310 19448 12376 6188 2380 680 136 17 1 
1 18 153 816 3060 8568 18564 31824 43758 48620 43758 31824 18564 8568 3060 816 153 18 1 
1 19 171 969 3876 11628 27132 50388 75582 92378 92378 75582 50388 27132 11628 3876 969 171 19 1 
1 20 190 1140 4845 15504 38760 77520 125970 167960 184756 167960 125970 77520 38760 15504 4845 1140 190 20 1 
1 21 210 1330 5985 20349 54264 116280 203490 293930 352716 352716 293930 203490 116280 54264 20349 5985 1330 210 21 1 
1 22 231 1540 7315 26334 74613 170544 319770 497420 646646 705432 646646 497420 319770 170544 74613 26334 7315 1540 231 22 1 
1 23 253 1771 8855 33649 100947 245157 490314 817190 1144066 1352078 1352078 1144066 817190 490314 245157 100947 33649 8855 1771 253 23 1 
1 24 276 2024 10626 42504 134596 346104 735471 1307504 1961256 2496144 2704156 2496144 1961256 1307504 735471 346104 134596 42504 10626 2024 276 24 1 
1 25 300 2300 12650 53130 177100 480700 1081575 2042975 3268760 4457400 5200300 5200300 4457400 3268760 2042975 1081575 480700 177100 53130 12650 2300 300 25 1 
1 26 325 2600 14950 65780 230230 657800 1562275 3124550 5311735 7726160 9657700 10400600 9657700 7726160 5311735 3124550 1562275 657800 230230 65780 14950 2600 325 26 1 
1 27 351 2925 17550 80730 296010 888030 2220075 4686825 8436285 13037895 17383860 20058300 20058300 17383860 13037895 8436285 4686825 2220075 888030 296010 80730 17550 2925 351 27 1 
1 28 378 3276 20475 98280 376740 1184040 3108105 6906900 13123110 21474180 30421755 37442160 40116600 37442160 30421755 21474180 13123110 6906900 3108105 1184040 376740 98280 20475 3276 378 28 1 
1 29 406 3654 23751 118755 475020 1560780 4292145 10015005 20030010 34597290 51895935 67863915 77558760 77558760 67863915 51895935 34597290 20030010 10015005 4292145 1560780 475020 118755 23751 3654 406 29 1 
1 30 435 4060 27405 142506 593775 2035800 5852925 14307150 30045015 54627300 86493225 119759850 145422675 155117520 145422675 119759850 86493225 54627300 30045015 14307150 5852925 2035800 593775 142506 27405 4060 435 30 1 
1 31 465 4495 31465 169911 736281 2629575 7888725 20160075 44352165 84672315 141120525 206253075 265182525 300540195 300540195 265182525 206253075 141120525 84672315 44352165 20160075 7888725 2629575 736281 169911 31465 4495 465 31 1 
1 32 496 4960 35960 201376 906192 3365856 10518300 28048800 64512240 129024480 225792840 347373600 471435600 565722720 601080390 565722720 471435600 347373600 225792840 129024480 64512240 28048800 10518300 3365856 906192 201376 35960 4960 496 32 1 
1 33 528 5456 40920 237336 1107568 4272048 13884156 38567100 92561040 193536720 354817320 573166440 818809200 1037158320 1166803110 1166803110 1037158320 818809200 573166440 354817320 193536720 92561040 38567100 13884156 4272048 1107568 237336 40920 5456 528 33 1 
1 34 561 5984 46376 278256 1344904 5379616 18156204 52451256 131128140 286097760 548354040 927983760 1391975640 1855967520 2203961430 2333606220 2203961430 1855967520 1391975640 927983760 548354040 286097760 131128140 52451256 18156204 5379616 1344904 278256 46376 5984 561 34 1 
1 35 595 6545 52360 324632 1623160 6724520 23535820 70607460 183579396 417225900 834451800 1476337800 2319959400 3247943160 4059928950 4537567650 4537567650 4059928950 3247943160 2319959400 1476337800 834451800 417225900 183579396 70607460 23535820 6724520 1623160 324632 52360 6545 595 35 1 
1 36 630 7140 58905 376992 1947792 8347680 30260340 94143280 254186856 600805296 1251677700 2310789600 3796297200 5567902560 7307872110 8597496600 9075135300 8597496600 7307872110 5567902560 3796297200 2310789600 1251677700 600805296 254186856 94143280 30260340 8347680 1947792 376992 58905 7140 630 36 1 
1 37 666 7770 66045 435897 2324784 10295472 38608020 124403620 348330136 854992152 1852482996 3562467300 6107086800 9364199760 12875774670 15905368710 17672631900 17672631900 15905368710 12875774670 9364199760 6107086800 3562467300 1852482996 854992152 348330136 124403620 38608020 10295472 2324784 435897 66045 7770 666 37 1 
1 38 703 8436 73815 501942 2760681 12620256 48903492 163011640 472733756 1203322288 2707475148 5414950296 9669554100 15471286560 22239974430 28781143380 33578000610 35345263800 33578000610 28781143380 22239974430 15471286560 9669554100 5414950296 2707475148 1203322288 472733756 163011640 48903492 12620256 2760681 501942 73815 8436 703 38 1 
1 39 741 9139 82251 575757 3262623 15380937 61523748 211915132 635745396 1676056044 3910797436 8122425444 15084504396 25140840660 37711260990 51021117810 62359143990 68923264410 68923264410 62359143990 51021117810 37711260990 25140840660 15084504396 8122425444 3910797436 1676056044 635745396 211915132 61523748 15380937 3262623 575757 82251 9139 741 39 1 
1 40 780 9880 91390 658008 3838380 18643560 76904685 273438880 847660528 2311801440 5586853480 12033222880 23206929840 40225345056 62852101650 88732378800 113380261800 131282408400 137846528820 131282408400 113380261800 88732378800 62852101650 40225345056 23206929840 12033222880 5586853480 2311801440 847660528 273438880 76904685 18643560 3838380 658008 91390 9880 780 40 1 
1 41 820 10660 101270 749398 4496388 22481940 95548245 350343565 1121099408 3159461968 7898654920 17620076360 35240152720 63432274896 103077446706 151584480450 202112640600 244662670200 269128937220 269128937220 244662670200 202112640600 151584480450 103077446706 63432274896 35240152720 17620076360 7898654920 3159461968 1121099408 350343565 95548245 22481940 4496388 749398 101270 10660 820 41 1 
1 42 861 11480 111930 850668 5245786 26978328 118030185 445891810 1471442973 4280561376 11058116888 25518731280 52860229080 98672427616 166509721602 254661927156 353697121050 446775310800 513791607420 538257874440 513791607420 446775310800 353697121050 254661927156 166509721602 98672427616 52860229080 25518731280 11058116888 4280561376 1471442973 445891810 118030185 26978328 5245786 850668 111930 11480 861 42 1 
1 43 903 12341 123410 962598 6096454 32224114 145008513 563921995 1917334783 5752004349 15338678264 36576848168 78378960360 151532656696 265182149218 421171648758 608359048206 800472431850 960566918220 1052049481860 1052049481860 960566918220 800472431850 608359048206 421171648758 265182149218 151532656696 78378960360 36576848168 15338678264 5752004349 1917334783 563921995 145008513 32224114 6096454 962598 123410 12341 903 43 1 
1 44 946 13244 135751 1086008 7059052 38320568 177232627 708930508 2481256778 7669339132 21090682613 51915526432 114955808528 229911617056 416714805914 686353797976 1029530696964 1408831480056 1761039350070 2012616400080 2104098963720 2012616400080 1761039350070 1408831480056 1029530696964 686353797976 416714805914 229911617056 114955808528 51915526432 21090682613 7669339132 2481256778 708930508 177232627 38320568 7059052 1086008 135751 13244 946 44 1 
1 45 990 14190 148995 1221759 8145060 45379620 215553195 886163135 3190187286 10150595910 28760021745 73006209045 166871334960 344867425584 646626422970 1103068603890 1715884494940 2438362177020 3169870830126 3773655750150 4116715363800 4116715363800 3773655750150 3169870830126 2438362177020 1715884494940 1103068603890 646626422970 344867425584 166871334960 73006209045 28760021745 10150595910 3190187286 886163135 215553195 45379620 8145060 1221759 148995 14190 990 45 1 
1 46 1035 15180 163185 1370754 9366819 53524680 260932815 1101716330 4076350421 13340783196 38910617655 101766230790 239877544005 511738760544 991493848554 1749695026860 2818953098830 4154246671960 5608233007146 6943526580276 7890371113950 8233430727600 7890371113950 6943526580276 5608233007146 4154246671960 2818953098830 1749695026860 991493848554 511738760544 239877544005 101766230790 38910617655 13340783196 4076350421 1101716330 260932815 53524680 9366819 1370754 163185 15180 1035 46 1 
1 47 1081 16215 178365 1533939 10737573 62891499 314457495 1362649145 5178066751 17417133617 52251400851 140676848445 341643774795 751616304549 1503232609098 2741188875414 4568648125690 6973199770790 9762479679106 12551759587422 14833897694226 16123801841550 16123801841550 14833897694226 12551759587422 9762479679106 6973199770790 4568648125690 2741188875414 1503232609098 751616304549 341643774795 140676848445 52251400851 17417133617 5178066751 1362649145 314457495 62891499 10737573 1533939 178365 16215 1081 47 1 
1 48 1128 17296 194580 1712304 12271512 73629072 377348994 1677106640 6540715896 22595200368 69668534468 192928249296 482320623240 1093260079344 2254848913647 4244421484512 7309837001104 11541847896480 16735679449896 22314239266528 27385657281648 30957699535776 32247603683100 30957699535776 27385657281648 22314239266528 16735679449896 11541847896480 7309837001104 4244421484512 2254848913647 1093260079344 482320623240 192928249296 69668534468 22595200368 6540715896 1677106640 377348994 73629072 12271512 1712304 194580 17296 1128 48 1 
1 49 1176 18424 211876 1906884 13983816 85900584 450978066 2054455634 8217822536 29135916264 92263734836 262596783764 675248872536 1575580702584 3348108992991 6499270398159 11554258485616 18851684897584 28277527346376 39049918716424 49699896548176 58343356817424 63205303218876 63205303218876 58343356817424 49699896548176 39049918716424 28277527346376 18851684897584 11554258485616 6499270398159 3348108992991 1575580702584 675248872536 262596783764 92263734836 29135916264 8217822536 2054455634 450978066 85900584 13983816 1906884 211876 18424 1176 49 1 
1 50 1225 19600 230300 2118760 15890700 99884400 536878650 2505433700 10272278170 37353738800 121399651100 354860518600 937845656300 2250829575120 4923689695575 9847379391150 18053528883775 30405943383200 47129212243960 67327446062800 88749815264600 108043253365600 121548660036300 126410606437752 121548660036300 108043253365600 88749815264600 67327446062800 47129212243960 30405943383200 18053528883775 9847379391150 4923689695575 2250829575120 937845656300 354860518600 121399651100 37353738800 10272278170 2505433700 536878650 99884400 15890700 2118760 230300 19600 1225 50 1 
1 51 1275 20825 249900 2349060 18009460 115775100 636763050 3042312350 12777711870 47626016970 158753389900 476260169700 1292706174900 3188675231420 7174519270695 14771069086725 27900908274925 48459472266975 77535155627160 114456658306760 156077261327400 196793068630200 229591913401900 247959266474052 247959266474052 229591913401900 196793068630200 156077261327400 114456658306760 77535155627160 48459472266975 27900908274925 14771069086725 7174519270695 3188675231420 1292706174900 476260169700 158753389900 47626016970 12777711870 3042312350 636763050 115775100 18009460 2349060 249900 20825 1275 51 1 
1 52 1326 22100 270725 2598960 20358520 133784560 752538150 3679075400 15820024220 60403728840 206379406870 635013559600 1768966344600 4481381406320 10363194502115 21945588357420 42671977361650 76360380541900 125994627894135 191991813933920 270533919634160 352870329957600 426384982032100 477551179875952 495918532948104 477551179875952 426384982032100 352870329957600 270533919634160 191991813933920 125994627894135 76360380541900 42671977361650 21945588357420 10363194502115 4481381406320 1768966344600 635013559600 206379406870 60403728840 15820024220 3679075400 752538150 133784560 20358520 2598960 270725 22100 1326 52 1 
1 53 1378 23426 292825 2869685 22957480 154143080 886322710 4431613550 19499099620 76223753060 266783135710 841392966470 2403979904200 6250347750920 14844575908435 32308782859535 64617565719070 119032357903550 202355008436035 317986441828055 462525733568080 623404249591760 779255311989700 903936161908052 973469712824056 973469712824056 903936161908052 779255311989700 623404249591760 462525733568080 317986441828055 202355008436035 119032357903550 64617565719070 32308782859535 14844575908435 6250347750920 2403979904200 841392966470 266783135710 76223753060 19499099620 4431613550 886322710 154143080 22957480 2869685 292825 23426 1378 53 1 
1 54 1431 24804 316251 3162510 25827165 177100560 1040465790 5317936260 23930713170 95722852680 343006888770 1108176102180 3245372870670 8654327655120 21094923659355 47153358767970 96926348578605 183649923622620 321387366339585 520341450264090 780512175396135 1085929983159840 1402659561581460 1683191473897752 1877405874732108 1946939425648112 1877405874732108 1683191473897752 1402659561581460 1085929983159840 780512175396135 520341450264090 321387366339585 183649923622620 96926348578605 47153358767970 21094923659355 8654327655120 3245372870670 1108176102180 343006888770 95722852680 23930713170 5317936260 1040465790 177100560 25827165 3162510 316251 24804 1431 54 1 
1 55 1485 26235 341055 3478761 28989675 202927725 1217566350 6358402050 29248649430 119653565850 438729741450 1451182990950 4353548972850 11899700525790 29749251314475 68248282427325 144079707346575 280576272201225 505037289962205 841728816603675 1300853625660225 1866442158555975 2488589544741300 3085851035479212 3560597348629860 3824345300380220 3824345300380220 3560597348629860 3085851035479212 2488589544741300 1866442158555975 1300853625660225 841728816603675 505037289962205 280576272201225 144079707346575 68248282427325 29749251314475 11899700525790 4353548972850 1451182990950 438729741450 119653565850 29248649430 6358402050 1217566350 202927725 28989675 3478761 341055 26235 1485 55 1 
1 56 1540 27720 367290 3819816 32468436 231917400 1420494075 7575968400 35607051480 148902215280 558383307300 1889912732400 5804731963800 16253249498640 41648951840265 97997533741800 212327989773900 424655979547800 785613562163430 1346766106565880 2142582442263900 3167295784216200 4355031703297275 5574440580220512 6646448384109072 7384942649010080 7648690600760440 7384942649010080 6646448384109072 5574440580220512 4355031703297275 3167295784216200 2142582442263900 1346766106565880 785613562163430 424655979547800 212327989773900 97997533741800 41648951840265 16253249498640 5804731963800 1889912732400 558383307300 148902215280 35607051480 7575968400 1420494075 231917400 32468436 3819816 367290 27720 1540 56 1 
1 57 1596 29260 395010 4187106 36288252 264385836 1652411475 8996462475 43183019880 184509266760 707285522580 2448296039700 7694644696200 22057981462440 57902201338905 139646485582065 310325523515700 636983969321700 1210269541711230 2132379668729310 3489348548829780 5309878226480100 7522327487513475 9929472283517787 12220888964329584 14031391033119152 15033633249770520 15033633249770520 14031391033119152 12220888964329584 9929472283517787 7522327487513475 5309878226480100 3489348548829780 2132379668729310 1210269541711230 636983969321700 310325523515700 139646485582065 57902201338905 22057981462440 7694644696200 2448296039700 707285522580 184509266760 43183019880 8996462475 1652411475 264385836 36288252 4187106 395010 29260 1596 57 1 
1 58 1653 30856 424270 4582116 40475358 300674088 1916797311 10648873950 52179482355 227692286640 891794789340 3155581562280 10142940735900 29752626158640 79960182801345 197548686920970 449972009097765 947309492837400 1847253511032930 3342649210440540 5621728217559090 8799226775309880 12832205713993575 17451799771031262 22150361247847371 26252279997448736 29065024282889672 30067266499541040 29065024282889672 26252279997448736 22150361247847371 17451799771031262 12832205713993575 8799226775309880 5621728217559090 3342649210440540 1847253511032930 947309492837400 449972009097765 197548686920970 79960182801345 29752626158640 10142940735900 3155581562280 891794789340 227692286640 52179482355 10648873950 1916797311 300674088 40475358 4582116 424270 30856 1653 58 1 
1 59 1711 32509 455126 5006386 45057474 341149446 2217471399 12565671261 62828356305 279871768995 1119487075980 4047376351620 13298522298180 39895566894540 109712808959985 277508869722315 647520696018735 1397281501935165 2794563003870330 5189902721473470 8964377427999630 14420954992868970 21631432489303455 30284005485024837 39602161018878633 48402641245296107 55317304280338408 59132290782430712 59132290782430712 55317304280338408 48402641245296107 39602161018878633 30284005485024837 21631432489303455 14420954992868970 8964377427999630 5189902721473470 2794563003870330 1397281501935165 647520696018735 277508869722315 109712808959985 39895566894540 13298522298180 4047376351620 1119487075980 279871768995 62828356305 12565671261 2217471399 341149446 45057474 5006386 455126 32509 1711 59 1 
1 60 1770 34220 487635 5461512 50063860 386206920 2558620845 14783142660 75394027566 342700125300 1399358844975 5166863427600 17345898649800 53194089192720 149608375854525 387221678682300 925029565741050 2044802197953900 4191844505805495 7984465725343800 14154280149473100 23385332420868600 36052387482172425 51915437974328292 69886166503903470 88004802264174740 103719945525634515 114449595062769120 118264581564861424 114449595062769120 103719945525634515 88004802264174740 69886166503903470 51915437974328292 36052387482172425 23385332420868600 14154280149473100 7984465725343800 4191844505805495 2044802197953900 925029565741050 387221678682300 149608375854525 53194089192720 17345898649800 5166863427600 1399358844975 342700125300 75394027566 14783142660 2558620845 386206920 50063860 5461512 487635 34220 1770 60 1 
1 61 1830 35990 521855 5949147 55525372 436270780 2944827765 17341763505 90177170226 418094152866 1742058970275 6566222272575 22512762077400 70539987842520 202802465047245 536830054536825 1312251244423350 2969831763694950 6236646703759395 12176310231149295 22138745874816900 37539612570341700 59437719903041025 87967825456500717 121801604478231762 157890968768078210 191724747789809255 218169540588403635 232714176627630544 232714176627630544 218169540588403635 191724747789809255 157890968768078210 121801604478231762 87967825456500717 59437719903041025 37539612570341700 22138745874816900 12176310231149295 6236646703759395 2969831763694950 1312251244423350 536830054536825 202802465047245 70539987842520 22512762077400 6566222272575 1742058970275 418094152866 90177170226 17341763505 2944827765 436270780 55525372 5949147 521855 35990 1830 61 1 
1 62 1891 37820 557845 6471002 61474519 491796152 3381098545 20286591270 107518933731 508271323092 2160153123141 8308281242850 29078984349975 93052749919920 273342452889765 739632519584070 1849081298960175 4282083008118300 9206478467454345 18412956934908690 34315056105966195 59678358445158600 96977332473382725 147405545359541742 209769429934732479 279692573246309972 349615716557887465 409894288378212890 450883717216034179 465428353255261088 450883717216034179 409894288378212890 349615716557887465 279692573246309972 209769429934732479 147405545359541742 96977332473382725 59678358445158600 34315056105966195 18412956934908690 9206478467454345 4282083008118300 1849081298960175 739632519584070 273342452889765 93052749919920 29078984349975 8308281242850 2160153123141 508271323092 107518933731 20286591270 3381098545 491796152 61474519 6471002 557845 37820 1891 62 1 
1 63 1953 39711 595665 7028847 67945521 553270671 3872894697 23667689815 127805525001 615790256823 2668424446233 10468434365991 37387265592825 122131734269895 366395202809685 1012974972473835 2588713818544245 6131164307078475 13488561475572645 27619435402363035 52728013040874885 93993414551124795 156655690918541325 244382877832924467 357174975294274221 489462003181042451 629308289804197437 759510004936100355 860778005594247069 916312070471295267 916312070471295267 860778005594247069 759510004936100355 629308289804197437 489462003181042451 357174975294274221 244382877832924467 156655690918541325 93993414551124795 52728013040874885 27619435402363035 13488561475572645 6131164307078475 2588713818544245 1012974972473835 366395202809685 122131734269895 37387265592825 10468434365991 2668424446233 615790256823 127805525001 23667689815 3872894697 553270671 67945521 7028847 595665 39711 1953 63 1 
1 64 2016 41664 635376 7624512 74974368 621216192 4426165368 27540584512 151473214816 743595781824 3284214703056 13136858812224 47855699958816 159518999862720 488526937079580 1379370175283520 3601688791018080 8719878125622720 19619725782651120 41107996877935680 80347448443237920 146721427591999680 250649105469666120 401038568751465792 601557853127198688 846636978475316672 1118770292985239888 1388818294740297792 1620288010530347424 1777090076065542336 1832624140942590534 1777090076065542336 1620288010530347424 1388818294740297792 1118770292985239888 846636978475316672 601557853127198688 401038568751465792 250649105469666120 146721427591999680 80347448443237920 41107996877935680 19619725782651120 8719878125622720 3601688791018080 1379370175283520 488526937079580 159518999862720 47855699958816 13136858812224 3284214703056 743595781824 151473214816 27540584512 4426165368 621216192 74974368 7624512 635376 41664 2016 64 1 
1 65 2080 43680 677040 8259888 82598880 696190560 5047381560 31966749880 179013799328 895068996640 4027810484880 16421073515280 60992558771040 207374699821536 648045936942300 1867897112363100 4981058966301600 12321566916640800 28339603908273840 60727722660586800 121455445321173600 227068876035237600 397370533061665800 651687674221131912 1002596421878664480 1448194831602515360 1965407271460556560 2507588587725537680 3009106305270645216 3397378086595889760 3609714217008132870 3609714217008132870 3397378086595889760 3009106305270645216 2507588587725537680 1965407271460556560 1448194831602515360 1002596421878664480 651687674221131912 397370533061665800 227068876035237600 121455445321173600 60727722660586800 28339603908273840 12321566916640800 4981058966301600 1867897112363100 648045936942300 207374699821536 60992558771040 16421073515280 4027810484880 895068996640 179013799328 31966749880 5047381560 696190560 82598880 8259888 677040 43680 2080 65 1 
1 66 2145 45760 720720 8936928 90858768 778789440 5743572120 37014131440 210980549208 1074082795968 4922879481520 20448884000160 77413632286320 268367258592576 855420636763836 2515943049305400 6848956078664700 17302625882942400 40661170824914640 89067326568860640 182183167981760400 348524321356411200 624439409096903400 1049058207282797712 1654284096099796392 2450791253481179840 3413602103063071920 4472995859186094240 5516694892996182896 6406484391866534976 7007092303604022630 7219428434016265740 7007092303604022630 6406484391866534976 5516694892996182896 4472995859186094240 3413602103063071920 2450791253481179840 1654284096099796392 1049058207282797712 624439409096903400 348524321356411200 182183167981760400 89067326568860640 40661170824914640 17302625882942400 6848956078664700 2515943049305400 855420636763836 268367258592576 77413632286320 20448884000160 4922879481520 1074082795968 210980549208 37014131440 5743572120 778789440 90858768 8936928 720720 45760 2145 66 1 
1 67 2211 47905 766480 9657648 99795696 869648208 6522361560 42757703560 247994680648 1285063345176 5996962277488 25371763481680 97862516286480 345780890878896 1123787895356412 3371363686069236 9364899127970100 24151581961607100 57963796707857040 129728497393775280 271250494550621040 530707489338171600 972963730453314600 1673497616379701112 2703342303382594104 4105075349580976232 5864393356544251760 7886597962249166160 9989690752182277136 11923179284862717872 13413576695470557606 14226520737620288370 14226520737620288370 13413576695470557606 11923179284862717872 9989690752182277136 7886597962249166160 5864393356544251760 4105075349580976232 2703342303382594104 1673497616379701112 972963730453314600 530707489338171600 271250494550621040 129728497393775280 57963796707857040 24151581961607100 9364899127970100 3371363686069236 1123787895356412 345780890878896 97862516286480 25371763481680 5996962277488 1285063345176 247994680648 42757703560 6522361560 869648208 99795696 9657648 766480 47905 2211 67 1 
1 68 2278 50116 814385 10424128 109453344 969443904 7392009768 49280065120 290752384208 1533058025824 7282025622664 31368725759168 123234279768160 443643407165376 1469568786235308 4495151581425648 12736262814039336 33516481089577200 82115378669464140 187692294101632320 400978991944396320 801957983888792640 1503671219791486200 2646461346833015712 4376839919762295216 6808417652963570336 9969468706125227992 13750991318793417920 17876288714431443296 3466125963335443392 6890011906623723862 9193353359381294360 10006297401531025124 9193353359381294360 6890011906623723862 3466125963335443392 17876288714431443296 13750991318793417920 9969468706125227992 6808417652963570336 4376839919762295216 2646461346833015712 1503671219791486200 801957983888792640 400978991944396320 187692294101632320 82115378669464140 33516481089577200 12736262814039336 4495151581425648 1469568786235308 443643407165376 123234279768160 31368725759168 7282025622664 1533058025824 290752384208 49280065120 7392009768 969443904 109453344 10424128 814385 50116 2278 68 1 
1 69 2346 52394 864501 11238513 119877472 1078897248 8361453672 56672074888 340032449328 1823810410032 8815083648488 38650751381832 154603005527328 566877686933536 1913212193400684 5964720367660956 17231414395464984 46252743903616536 115631859759041340 269807672771096460 588671286046028640 1202936975833188960 2305629203680278840 4150132566624501912 7023301266595310928 11185257572725865552 16777886359088798328 5273715951209094296 13180535959515309600 2895670604057335072 10356137869959167254 16083365266005018222 752906687202767868 752906687202767868 16083365266005018222 10356137869959167254 2895670604057335072 13180535959515309600 5273715951209094296 16777886359088798328 11185257572725865552 7023301266595310928 4150132566624501912 2305629203680278840 1202936975833188960 588671286046028640 269807672771096460 115631859759041340 46252743903616536 17231414395464984 5964720367660956 1913212193400684 566877686933536 154603005527328 38650751381832 8815083648488 1823810410032 340032449328 56672074888 8361453672 1078897248 119877472 11238513 864501 52394 2346 69 1 
1 70 2415 54740 916895 12103014 131115985 1198774720 9440350920 65033528560 396704524216 2163842859360 10638894058520 47465835030320 193253756909160 721480692460864 2480089880334220 7877932561061640 23196134763125940 63484158299081520 161884603662657876 385439532530137800 858478958817125100 1791608261879217600 3508566179513467800 6455761770304780752 11173433833219812840 18208558839321176480 9516399858105112264 3604858236588341008 7507837014852280 16076206563572644672 13251808474016502326 7992759062254633860 16836271953207786090 1505813374405535736 16836271953207786090 7992759062254633860 13251808474016502326 16076206563572644672 7507837014852280 3604858236588341008 9516399858105112264 18208558839321176480 11173433833219812840 6455761770304780752 3508566179513467800 1791608261879217600 858478958817125100 385439532530137800 161884603662657876 63484158299081520 23196134763125940 7877932561061640 2480089880334220 721480692460864 193253756909160 47465835030320 10638894058520 2163842859360 396704524216 65033528560 9440350920 1198774720 131115985 12103014 916895 54740 2415 70 1 
1 71 2485 57155 971635 13019909 143218999 1329890705 10639125640 74473879480 461738052776 2560547383576 12802736917880 58104729088840 240719591939480 914734449370024 3201570572795084 10358022441395860 31074067324187580 86680293062207460 225368761961739396 547324136192795676 1243918491347262900 2650087220696342700 5300174441392685400 9964327949818248552 17629195603524593592 10935248598831437704 9278214623716737128 13121258094693453272 3612366073603193288 16083714400587496952 10881270963879595382 2797823462561584570 6382286941752868334 18342085327613321826 18342085327613321826 6382286941752868334 2797823462561584570 10881270963879595382 16083714400587496952 3612366073603193288 13121258094693453272 9278214623716737128 10935248598831437704 17629195603524593592 9964327949818248552 5300174441392685400 2650087220696342700 1243918491347262900 547324136192795676 225368761961739396 86680293062207460 31074067324187580 10358022441395860 3201570572795084 914734449370024 240719591939480 58104729088840 12802736917880 2560547383576 461738052776 74473879480 10639125640 1329890705 143218999 13019909 971635 57155 2485 71 1 
1 72 2556 59640 1028790 13991544 156238908 1473109704 11969016345 85113005120 536211932256 3022285436352 15363284301456 70907466006720 298824321028320 1155454041309504 4116305022165108 13559593014190944 41432089765583440 117754360386395040 312049055023946856 772692898154535072 1791242627540058576 3894005712043605600 7950261662089028100 15264502391210933952 9146779479633290528 10117700128646479680 1766719148838623216 3952728644700638784 16733624168296646560 1249336400481138624 8518241290757540718 13679094426441179952 9180110404314452904 6277628195656638544 18237426581517092036 6277628195656638544 9180110404314452904 13679094426441179952 8518241290757540718 1249336400481138624 16733624168296646560 3952728644700638784 1766719148838623216 10117700128646479680 9146779479633290528 15264502391210933952 7950261662089028100 3894005712043605600 1791242627540058576 772692898154535072 312049055023946856 117754360386395040 41432089765583440 13559593014190944 4116305022165108 1155454041309504 298824321028320 70907466006720 15363284301456 3022285436352 536211932256 85113005120 11969016345 1473109704 156238908 13991544 1028790 59640 2556 72 1 
1 73 2628 62196 1088430 15020334 170230452 1629348612 13442126049 97082021465 621324937376 3558497368608 18385569737808 86270750308176 369731787035040 1454278362337824 5271759063474612 17675898036356052 54991682779774384 159186450151978480 429803415410341896 1084741953178481928 2563935525694593648 5685248339583664176 11844267374132633700 4768019979590410436 5964537797134672864 817735534570218592 11884419277485102896 5719447793539262000 2239608739287733728 17982960568777785184 9767577691238679342 3750591643489169054 4412460757046081240 15457738599971091448 6068310703464178964 6068310703464178964 15457738599971091448 4412460757046081240 3750591643489169054 9767577691238679342 17982960568777785184 2239608739287733728 5719447793539262000 11884419277485102896 817735534570218592 5964537797134672864 4768019979590410436 11844267374132633700 5685248339583664176 2563935525694593648 1084741953178481928 429803415410341896 159186450151978480 54991682779774384 17675898036356052 5271759063474612 1454278362337824 369731787035040 86270750308176 18385569737808 3558497368608 621324937376 97082021465 13442126049 1629348612 170230452 15020334 1088430 62196 2628 73 1 
1 74 2701 64824 1150626 16108764 185250786 1799579064 15071474661 110524147514 718406958841 4179822305984 21944067106416 104656320045984 456002537343216 1824010149372864 6726037425812436 22947657099830664 72667580816130436 214178132931752864 588989865562320376 1514545368588823824 3648677478873075576 8249183865278257824 17529515713716297876 16612287353723044136 10732557776725083300 6782273331704891456 12702154812055321488 17603867071024364896 7959056532826995728 1775825234355967296 9303794186306912910 13518169334727848396 8163052400535250294 1423455283307621072 3079305229725718796 12136621406928357928 3079305229725718796 1423455283307621072 8163052400535250294 13518169334727848396 9303794186306912910 1775825234355967296 7959056532826995728 17603867071024364896 12702154812055321488 6782273331704891456 10732557776725083300 16612287353723044136 17529515713716297876 8249183865278257824 3648677478873075576 1514545368588823824 588989865562320376 214178132931752864 72667580816130436 22947657099830664 6726037425812436 1824010149372864 456002537343216 104656320045984 21944067106416 4179822305984 718406958841 110524147514 15071474661 1799579064 185250786 16108764 1150626 64824 2701 74 1 
1 75 2775 67525 1215450 17259390 201359550 1984829850 16871053725 125595622175 828931106355 4898229264825 26123889412400 126600387152400 560658857389200 2280012686716080 8550047575185300 29673694525643100 95615237915961100 286845713747883300 803167998494073240 2103535234151144200 5163222847461899400 11897861344151333400 7331955505285004084 15695058993729790396 8898101056738575820 17514831108429974756 1037684070050661328 11859277809370134768 7116179530141809008 9734881767182963024 11079619420662880206 4375219447325209690 3234477661553547074 9586507683842871366 4502760513033339868 15215926636654076724 15215926636654076724 4502760513033339868 9586507683842871366 3234477661553547074 4375219447325209690 11079619420662880206 9734881767182963024 7116179530141809008 11859277809370134768 1037684070050661328 17514831108429974756 8898101056738575820 15695058993729790396 7331955505285004084 11897861344151333400 5163222847461899400 2103535234151144200 803167998494073240 286845713747883300 95615237915961100 29673694525643100 8550047575185300 2280012686716080 560658857389200 126600387152400 26123889412400 4898229264825 828931106355 125595622175 16871053725 1984829850 201359550 17259390 1215450 67525 2775 75 1 
1 76 2850 70300 1282975 18474840 218618940 2186189400 18855883575 142466675900 954526728530 5727160371180 31022118677225 152724276564800 687259244541600 2840671544105280 10830060261901380 38223742100828400 125288932441604200 382460951663844400 1090013712241956540 2906703232645217440 7266758081613043600 17061084191613232800 783072775726785868 4580270425305242864 6146415976758814600 7966188091458998960 105771104771084468 12896961879420796096 528713265802392160 16851061297324772032 2367757114136291614 15454838867988089896 7609697108878756764 12820985345396418440 14089268196876211234 1271943075977864976 11985109199598601832 1271943075977864976 14089268196876211234 12820985345396418440 7609697108878756764 15454838867988089896 2367757114136291614 16851061297324772032 528713265802392160 12896961879420796096 105771104771084468 7966188091458998960 6146415976758814600 4580270425305242864 783072775726785868 17061084191613232800 7266758081613043600 2906703232645217440 1090013712241956540 382460951663844400 125288932441604200 38223742100828400 10830060261901380 2840671544105280 687259244541600 152724276564800 31022118677225 5727160371180 954526728530 142466675900 18855883575 2186189400 218618940 18474840 1282975 70300 2850 76 1 
1 77 2926 73150 1353275 19757815 237093780 2404808340 21042072975 161322559475 1096993404430 6681687099710 36749279048405 183746395242025 839983521106400 3527930788646880 13670731806006660 49053802362729780 163512674542432600 507749884105448600 1472474663905800940 3996716944887173980 10173461314258261040 5881098199516724784 17844156967340018668 5363343201032028732 10726686402064057464 14112604068217813560 8071959196230083428 13002732984191880564 13425675145223188256 17379774563127164192 772074337751512030 17822595982124381510 4617791903157295044 1983938380565623588 8463509468563078058 15361211272854076210 13257052275576466808 13257052275576466808 15361211272854076210 8463509468563078058 1983938380565623588 4617791903157295044 17822595982124381510 772074337751512030 17379774563127164192 13425675145223188256 13002732984191880564 8071959196230083428 14112604068217813560 10726686402064057464 5363343201032028732 17844156967340018668 5881098199516724784 10173461314258261040 3996716944887173980 1472474663905800940 507749884105448600 163512674542432600 49053802362729780 13670731806006660 3527930788646880 839983521106400 183746395242025 36749279048405 6681687099710 1096993404430 161322559475 21042072975 2404808340 237093780 19757815 1353275 73150 2926 77 1 
1 78 3003 76076 1426425 21111090 256851595 2641902120 23446881315 182364632450 1258315963905 7778680504140 43430966148115 220495674290430 1023729916348425 4367914309753280 17198662594653540 62724534168736440 212566476905162380 671262558647881200 1980224548011249540 5469191608792974920 14170178259145435020 16054559513774985824 5278511093147191836 4760756094662495784 16090029603096086196 6392546396572319408 3737819190738345372 2627948106712412376 7981664055705517204 12358705634640800832 18151848900878676222 147926246166341924 3993643811572124938 6601730283722918632 10447447849128701646 5377976667707602652 10171519474720991402 8067360477443382000 10171519474720991402 5377976667707602652 10447447849128701646 6601730283722918632 3993643811572124938 147926246166341924 18151848900878676222 12358705634640800832 7981664055705517204 2627948106712412376 3737819190738345372 6392546396572319408 16090029603096086196 4760756094662495784 5278511093147191836 16054559513774985824 14170178259145435020 5469191608792974920 1980224548011249540 671262558647881200 212566476905162380 62724534168736440 17198662594653540 4367914309753280 1023729916348425 220495674290430 43430966148115 7778680504140 1258315963905 182364632450 23446881315 2641902120 256851595 21111090 1426425 76076 3003 78 1 
1 79 3081 79079 1502501 22537515 277962685 2898753715 26088783435 205811513765 1440680596355 9036996468045 51209646652255 263926640438545 1244225590638855 5391644226101705 21566576904406820 79923196763389980 275291011073898820 883829035553043580 2651487106659130740 7449416156804224460 1192625794228858324 11777993699210869228 2886326533212626044 10039267187809687620 2404041624049030364 4035831925958853988 10130365587310664780 6365767297450757748 10609612162417929580 1893625616636766420 12063810461809925438 18299775147045018146 4141570057738466862 10595374095295043570 17049178132851620278 15825424516836304298 15549496142428594054 18238879952164373402 18238879952164373402 15549496142428594054 15825424516836304298 17049178132851620278 10595374095295043570 4141570057738466862 18299775147045018146 12063810461809925438 1893625616636766420 10609612162417929580 6365767297450757748 10130365587310664780 4035831925958853988 2404041624049030364 10039267187809687620 2886326533212626044 11777993699210869228 1192625794228858324 7449416156804224460 2651487106659130740 883829035553043580 275291011073898820 79923196763389980 21566576904406820 5391644226101705 1244225590638855 263926640438545 51209646652255 9036996468045 1440680596355 205811513765 26088783435 2898753715 277962685 22537515 1502501 79079 3081 79 1 
1 80 3160 82160 1581580 24040016 300500200 3176716400 28987537150 231900297200 1646492110120 10477677064400 60246643120300 315136287090800 1508152231077400 6635869816740560 26958221130508525 101489773667796800 355214207837288800 1159120046626942400 3535316142212174320 10100903263463355200 8642041951033082784 12970619493439727552 14664320232423495272 12925593721022313664 12443308811858717984 6439873550007884352 14166197513269518768 16496132884761422528 16975379459868687328 12503237779054696000 13957436078446691858 11916841535145391968 3994601131073933392 14736944153033510432 9197808154437112232 14427858575978372960 12928176585555346736 15341632020883415840 18031015830619195188 15341632020883415840 12928176585555346736 14427858575978372960 9197808154437112232 14736944153033510432 3994601131073933392 11916841535145391968 13957436078446691858 12503237779054696000 16975379459868687328 16496132884761422528 14166197513269518768 6439873550007884352 12443308811858717984 12925593721022313664 14664320232423495272 12970619493439727552 8642041951033082784 10100903263463355200 3535316142212174320 1159120046626942400 355214207837288800 101489773667796800 26958221130508525 6635869816740560 1508152231077400 315136287090800 60246643120300 10477677064400 1646492110120 231900297200 28987537150 3176716400 300500200 24040016 1581580 82160 3160 80 1 
1 81 3240 85320 1663740 25621596 324540216 3477216600 32164253550 260887834350 1878392407320 12124169174520 70724320184700 375382930211100 1823288518168200 8144022047817960 33594090947249085 128447994798305325 456703981505085600 1514334254464231200 4694436188839116720 13636219405675529520 296201140786886368 3165917370763258720 9188195652153671208 9143169879736257320 6922158459171480032 436438288157050720 2159326989567851504 12215586324321389680 15024768270920558240 11031873165213831712 8013929783791836242 7427533539882532210 15911442666219325360 284801210397892208 5488008233761071048 5178922656705933576 8909291087824168080 9823064532729210960 14925903777793059412 14925903777793059412 9823064532729210960 8909291087824168080 5178922656705933576 5488008233761071048 284801210397892208 15911442666219325360 7427533539882532210 8013929783791836242 11031873165213831712 15024768270920558240 12215586324321389680 2159326989567851504 436438288157050720 6922158459171480032 9143169879736257320 9188195652153671208 3165917370763258720 296201140786886368 13636219405675529520 4694436188839116720 1514334254464231200 456703981505085600 128447994798305325 33594090947249085 8144022047817960 1823288518168200 375382930211100 70724320184700 12124169174520 1878392407320 260887834350 32164253550 3477216600 324540216 25621596 1663740 85320 3240 81 1 
1 82 3321 88560 1749060 27285336 350161812 3801756816 35641470150 293052087900 2139280241670 14002561581840 82848489359220 446107250395800 2198671448379300 9967310565986160 41738112995067045 162042085745554410 585151976303390925 1971038235969316800 6208770443303347920 18330655594514646240 13932420546462415888 3462118511550145088 12354113022916929928 18331365531889928528 16065328338907737352 7358596747328530752 2595765277724902224 14374913313889241184 8793610521532396304 7609897362424838336 599058875296116338 15441463323674368452 4892232132392305954 16196243876617217568 5772809444158963256 10666930890467004624 14088213744530101656 285611546843827424 6302224236812718756 11405063481876567208 6302224236812718756 285611546843827424 14088213744530101656 10666930890467004624 5772809444158963256 16196243876617217568 4892232132392305954 15441463323674368452 599058875296116338 7609897362424838336 8793610521532396304 14374913313889241184 2595765277724902224 7358596747328530752 16065328338907737352 18331365531889928528 12354113022916929928 3462118511550145088 13932420546462415888 18330655594514646240 6208770443303347920 1971038235969316800 585151976303390925 162042085745554410 41738112995067045 9967310565986160 2198671448379300 446107250395800 82848489359220 14002561581840 2139280241670 293052087900 35641470150 3801756816 350161812 27285336 1749060 88560 3321 82 1 
1 83 3403 91881 1837620 29034396 377447148 4151918628 39443226966 328693558050 2432332329570 16141841823510 96851050941060 528955739755020 2644778698775100 12165982014365460 51705423561053205 203780198740621455 747194062048945335 2556190212272707725 8179808679272664720 6092681964108442544 13816332067267510512 17394539058012560976 15816231534467075016 12238734481097306840 15949949797088114264 4977181012526716488 9954362025053432976 16970678591614143408 4721779761712085872 16403507883957234640 8208956237720954674 16040522198970484790 1886951382357122790 2641731935299971906 3522309247066629208 16439740334625967880 6308400561287554664 14373825291373929080 6587835783656546180 17707287718689285964 17707287718689285964 6587835783656546180 14373825291373929080 6308400561287554664 16439740334625967880 3522309247066629208 2641731935299971906 1886951382357122790 16040522198970484790 8208956237720954674 16403507883957234640 4721779761712085872 16970678591614143408 9954362025053432976 4977181012526716488 15949949797088114264 12238734481097306840 15816231534467075016 17394539058012560976 13816332067267510512 6092681964108442544 8179808679272664720 2556190212272707725 747194062048945335 203780198740621455 51705423561053205 12165982014365460 2644778698775100 528955739755020 96851050941060 16141841823510 2432332329570 328693558050 39443226966 4151918628 377447148 29034396 1837620 91881 3403 83 1 
1 84 3486 95284 1929501 30872016 406481544 4529365776 43595145594 368136785016 2761025887620 18574174153080 112992892764570 625806790696080 3173734438530120 14810760713140560 63871405575418665 255485622301674660 950974260789566790 3303384274321653060 10735998891545372445 14272490643381107264 1462269957666401440 12764127051570519872 14764026518770084376 9608221941854830240 9741940204475869488 2480386735905279136 14931543037580149464 8478296542958024768 3245714279616677664 2678543571959768896 6165720047968637698 5802734362981887848 17927473581327607580 4528683317657094696 6164041182366601114 1515305507983045472 4301396822203970928 2235481778951932128 2514917001320923644 5848379428636280528 16967831363669020312 5848379428636280528 2514917001320923644 2235481778951932128 4301396822203970928 1515305507983045472 6164041182366601114 4528683317657094696 17927473581327607580 5802734362981887848 6165720047968637698 2678543571959768896 3245714279616677664 8478296542958024768 14931543037580149464 2480386735905279136 9741940204475869488 9608221941854830240 14764026518770084376 12764127051570519872 1462269957666401440 14272490643381107264 10735998891545372445 3303384274321653060 950974260789566790 255485622301674660 63871405575418665 14810760713140560 3173734438530120 625806790696080 112992892764570 18574174153080 2761025887620 368136785016 43595145594 4529365776 406481544 30872016 1929501 95284 3486 84 1 
1 85 3570 98770 2024785 32801517 437353560 4935847320 48124511370 411731930610 3129162672636 21335200040700 131567066917650 738799683460650 3799541229226200 17984495151670680 78682166288559225 319357027877093325 1206459883091241450 4254358535111219850 14039383165867025505 6561745461216928093 15734760601047508704 14226397009236921312 9081409496631052632 5925504386915363000 903418072621148112 12222326940381148624 17411929773485428600 4963095506828622616 11724010822574702432 5924257851576446560 8844263619928406594 11968454410950525546 5283463870599943812 4009412825275150660 10692724500023695810 7679346690349646586 5816702330187016400 6536878601155903056 4750398780272855772 8363296429957204172 4369466718595749224 4369466718595749224 8363296429957204172 4750398780272855772 6536878601155903056 5816702330187016400 7679346690349646586 10692724500023695810 4009412825275150660 5283463870599943812 11968454410950525546 8844263619928406594 5924257851576446560 11724010822574702432 4963095506828622616 17411929773485428600 12222326940381148624 903418072621148112 5925504386915363000 9081409496631052632 14226397009236921312 15734760601047508704 6561745461216928093 14039383165867025505 4254358535111219850 1206459883091241450 319357027877093325 78682166288559225 17984495151670680 3799541229226200 738799683460650 131567066917650 21335200040700 3129162672636 411731930610 48124511370 4935847320 437353560 32801517 2024785 98770 3570 85 1 
1 86 3655 102340 2123555 34826302 470155077 5373200880 53060358690 459856441980 3540894603246 24464362713336 152902266958350 870366750378300 4538340912686850 21784036380896880 96666661440229905 398039194165652550 1525816910968334775 5460818418202461300 18293741700978245355 2154384553374401982 3849761988554885181 11514413536574878400 4861062432158422328 15006913883546415632 6828922459536511112 13125745013002296736 11187512640157025608 3928281206604499600 16687106329403325048 17648268674151148992 14768521471504853154 2365973957169380524 17251918281550469358 9292876695875094472 14702137325298846470 18372071190373342396 13496049020536662986 12353580931342919456 11287277381428758828 13113695210230059944 12732763148552953396 8738933437191498448 12732763148552953396 13113695210230059944 11287277381428758828 12353580931342919456 13496049020536662986 18372071190373342396 14702137325298846470 9292876695875094472 17251918281550469358 2365973957169380524 14768521471504853154 17648268674151148992 16687106329403325048 3928281206604499600 11187512640157025608 13125745013002296736 6828922459536511112 15006913883546415632 4861062432158422328 11514413536574878400 3849761988554885181 2154384553374401982 18293741700978245355 5460818418202461300 1525816910968334775 398039194165652550 96666661440229905 21784036380896880 4538340912686850 870366750378300 152902266958350 24464362713336 3540894603246 459856441980 53060358690 5373200880 470155077 34826302 2123555 102340 3655 86 1 
1 87 3741 105995 2225895 36949857 504981379 5843355957 58433559570 512916800670 4000751045226 28005257316582 177366629671686 1023269017336650 5408707663065150 26322377293583730 118450697821126785 494705855605882455 1923856105133987325 6986635329170796075 5307816045471155039 2001382180643095721 6004146541929287163 15364175525129763581 16375475968733300728 1421232241995286344 3389092269373375128 1507923398829256232 5866513579449770728 15115793846761525208 2168643462298273032 15888630929844922424 13970046071946450530 17134495428674233678 1171148165010298266 8098050903716012214 5548269947464389326 14627464441962637250 13421376137200453766 7402885878170030826 5194114239062126668 5954228517949267156 7399714285073461724 3024952512034900228 3024952512034900228 7399714285073461724 5954228517949267156 5194114239062126668 7402885878170030826 13421376137200453766 14627464441962637250 5548269947464389326 8098050903716012214 1171148165010298266 17134495428674233678 13970046071946450530 15888630929844922424 2168643462298273032 15115793846761525208 5866513579449770728 1507923398829256232 3389092269373375128 1421232241995286344 16375475968733300728 15364175525129763581 6004146541929287163 2001382180643095721 5307816045471155039 6986635329170796075 1923856105133987325 494705855605882455 118450697821126785 26322377293583730 5408707663065150 1023269017336650 177366629671686 28005257316582 4000751045226 512916800670 58433559570 5843355957 504981379 36949857 2225895 105995 3741 87 1 
1 88 3828 109736 2331890 39175752 541931236 6348337336 64276915527 571350360240 4513667845896 32006008361808 205371886988268 1200635647008336 6431976680401800 31731084956648880 144773075114710515 613156553427009240 2418561960739869780 8910491434304783400 12294451374641951114 7309198226114250760 8005528722572382884 2921577993349499128 13292907420153512693 17796708210728587072 4810324511368661472 4897015668202631360 7374436978279026960 2535563352501744320 17284437309059798240 18057274392143195456 11411932928081821338 12657797426911132592 18305643593684531944 9269199068726310480 13646320851180401540 1728990315717474960 9602096505453539400 2377517941660932976 12597000117232157494 11148342757011393824 13353942803022728880 10424666797108361952 6049905024069800456 10424666797108361952 13353942803022728880 11148342757011393824 12597000117232157494 2377517941660932976 9602096505453539400 1728990315717474960 13646320851180401540 9269199068726310480 18305643593684531944 12657797426911132592 11411932928081821338 18057274392143195456 17284437309059798240 2535563352501744320 7374436978279026960 4897015668202631360 4810324511368661472 17796708210728587072 13292907420153512693 2921577993349499128 8005528722572382884 7309198226114250760 12294451374641951114 8910491434304783400 2418561960739869780 613156553427009240 144773075114710515 31731084956648880 6431976680401800 1200635647008336 205371886988268 32006008361808 4513667845896 571350360240 64276915527 6348337336 541931236 39175752 2331890 109736 3828 88 1 
1 89 3916 113564 2441626 41507642 581106988 6890268572 70625252863 635627275767 5085018206136 36519676207704 237377895350076 1406007533996604 7632612327410136 38163061637050680 176504160071359395 757929628541719755 3031718514166879020 11329053395044653180 2758198735237182898 1156905527046650258 15314726948686633644 10927106715921882012 16214485413503011821 12642871557172548149 4160288648387696928 9707340179571292832 12271452646481658320 9910000330780771280 1373256587851990944 16894967627493442080 11022463246515465178 5622986281283402314 12516696946886112920 9128098588701290808 4468775846197160404 15375311166897876500 11331086821171014360 11979614447114472376 14974518058893090470 5298598800533999702 6055541486324571088 5331865526421539216 16474571821178162408 16474571821178162408 5331865526421539216 6055541486324571088 5298598800533999702 14974518058893090470 11979614447114472376 11331086821171014360 15375311166897876500 4468775846197160404 9128098588701290808 12516696946886112920 5622986281283402314 11022463246515465178 16894967627493442080 1373256587851990944 9910000330780771280 12271452646481658320 9707340179571292832 4160288648387696928 12642871557172548149 16214485413503011821 10927106715921882012 15314726948686633644 1156905527046650258 2758198735237182898 11329053395044653180 3031718514166879020 757929628541719755 176504160071359395 38163061637050680 7632612327410136 1406007533996604 237377895350076 36519676207704 5085018206136 635627275767 70625252863 6890268572 581106988 41507642 2441626 113564 3916 89 1 
1 90 4005 117480 2555190 43949268 622614630 7471375560 77515521435 706252528630 5720645481903 41604694413840 273897571557780 1643385429346680 9038619861406740 45795673964460816 214667221708410075 934433788613079150 3789648142708598775 14360771909211532200 14087252130281836078 3915104262283833156 16471632475733283902 7795089590898964040 8694848055715342217 10410612896966008354 16803160205560245077 13867628827958989760 3532048752343399536 3734708903552877984 11283256918632762224 18268224215345433024 9470686800299355642 16645449527798867492 18139683228169515234 3198051461877852112 13596874434898451212 1397342939385485288 8259653914359339244 4863957194575935120 8507388432298011230 1826372785717538556 11354140286858570790 11387407012746110304 3359693273890150008 14502399568646773200 3359693273890150008 11387407012746110304 11354140286858570790 1826372785717538556 8507388432298011230 4863957194575935120 8259653914359339244 1397342939385485288 13596874434898451212 3198051461877852112 18139683228169515234 16645449527798867492 9470686800299355642 18268224215345433024 11283256918632762224 3734708903552877984 3532048752343399536 13867628827958989760 16803160205560245077 10410612896966008354 8694848055715342217 7795089590898964040 16471632475733283902 3915104262283833156 14087252130281836078 14360771909211532200 3789648142708598775 934433788613079150 214667221708410075 45795673964460816 9038619861406740 1643385429346680 273897571557780 41604694413840 5720645481903 706252528630 77515521435 7471375560 622614630 43949268 2555190 117480 4005 90 1 
1 91 4095 121485 2672670 46504458 666563898 8093990190 84986896995 783768050065 6426898010533 47325339895743 315502265971620 1917283000904460 10682005290753420 54834293825867556 260462895672870891 1149101010321489225 4724081931321677925 18150420051920130975 10001279965783816662 18002356392565669234 1939992664307565442 5819977992922696326 16489937646614306257 658716878971798955 8767029028816701815 12224044959809683221 17399677580302389296 7266757655896277520 15017965822185640208 11104737060268643632 9292166941935237050 7669392254388671518 16338388682258831110 2890990616337815730 16794925896776303324 14994217374283936500 9656996853744824532 13123611108935274364 13371345626873946350 10333761218015549786 13180513072576109346 4294803225895129478 14747100286636260312 17862092842536923208 17862092842536923208 14747100286636260312 4294803225895129478 13180513072576109346 10333761218015549786 13371345626873946350 13123611108935274364 9656996853744824532 14994217374283936500 16794925896776303324 2890990616337815730 16338388682258831110 7669392254388671518 9292166941935237050 11104737060268643632 15017965822185640208 7266757655896277520 17399677580302389296 12224044959809683221 8767029028816701815 658716878971798955 16489937646614306257 5819977992922696326 1939992664307565442 18002356392565669234 10001279965783816662 18150420051920130975 4724081931321677925 1149101010321489225 260462895672870891 54834293825867556 10682005290753420 1917283000904460 315502265971620 47325339895743 6426898010533 783768050065 84986896995 8093990190 666563898 46504458 2672670 121485 4095 91 1 
1 92 4186 125580 2794155 49177128 713068356 8760554088 93080887185 868754947060 7210666060598 53752237906276 362827605867363 2232785266876080 12599288291657880 65516299116620976 315297189498738447 1409563905994360116 5873182941643167150 4427757909532257284 9704955943994396021 9556892284639934280 1495604983163683060 7759970657230261768 3863171565827450967 17148654525586105212 9425745907788500770 2544329914916833420 11176978466402520901 6219691162489115200 3837979404372366112 7675958808744732224 1950159928494329066 16961559196323908568 5561036862937951012 782635224887095224 1239172439404567438 13342399197350688208 6204470154319209416 4333863888970547280 8048212662099669098 5258362771179944520 5067530216882107516 17475316298471238824 595159438821838174 14162449055463631904 17277441611364294800 14162449055463631904 595159438821838174 17475316298471238824 5067530216882107516 5258362771179944520 8048212662099669098 4333863888970547280 6204470154319209416 13342399197350688208 1239172439404567438 782635224887095224 5561036862937951012 16961559196323908568 1950159928494329066 7675958808744732224 3837979404372366112 6219691162489115200 11176978466402520901 2544329914916833420 9425745907788500770 17148654525586105212 3863171565827450967 7759970657230261768 1495604983163683060 9556892284639934280 9704955943994396021 4427757909532257284 5873182941643167150 1409563905994360116 315297189498738447 65516299116620976 12599288291657880 2232785266876080 362827605867363 53752237906276 7210666060598 868754947060 93080887185 8760554088 713068356 49177128 2794155 125580 4186 92 1 
1 93 4278 129766 2919735 51971283 762245484 9473622444 101841441273 961835834245 8079421007658 60962903966874 416579843773639 2595612872743443 14832073558533960 78115587408278856 380813488615359423 1724861095493098563 7282746847637527266 10300940851175424434 14132713853526653305 815104154924778685 11052497267803617340 9255575640393944828 11623142223057712735 2565082017704004563 8127656359665054366 11970075822705334190 13721308381319354321 17396669628891636101 10057670566861481312 11513938213117098336 9626118737239061290 464975051108686018 4075851985552307964 6343672087825046236 2021807664291662662 14581571636755255646 1100125277960346008 10538334043289756696 12382076551070216378 13306575433279613618 10325892988062052036 4096102441643794724 18070475737293076998 14757608494285470078 12993146593118375088 12993146593118375088 14757608494285470078 18070475737293076998 4096102441643794724 10325892988062052036 13306575433279613618 12382076551070216378 10538334043289756696 1100125277960346008 14581571636755255646 2021807664291662662 6343672087825046236 4075851985552307964 464975051108686018 9626118737239061290 11513938213117098336 10057670566861481312 17396669628891636101 13721308381319354321 11970075822705334190 8127656359665054366 2565082017704004563 11623142223057712735 9255575640393944828 11052497267803617340 815104154924778685 14132713853526653305 10300940851175424434 7282746847637527266 1724861095493098563 380813488615359423 78115587408278856 14832073558533960 2595612872743443 416579843773639 60962903966874 8079421007658 961835834245 101841441273 9473622444 762245484 51971283 2919735 129766 4278 93 1 
1 94 4371 134044 3049501 54891018 814216767 10235867928 111315063717 1063677275518 9041256841903 69042324974532 477542747740513 3012192716517082 17427686431277403 92947660966812816 458929076023638279 2105674584108457986 9007607943130625829 17583687698812951700 5986910630992526123 14947818008451431990 11867601422728396025 1861328834488010552 2431973789742105947 14188224240761717298 10692738377369058929 1650988108660836940 7244640130315136895 12671233936501438806 9007596122043565797 3124864706269028032 2693312876646608010 10091093788347747308 4540827036660993982 10419524073377354200 8365479752116708898 16603379301046918308 15681696914715601654 11638459321250102704 4473666520650421458 7241907910640278380 5185724347632114038 14421995429705846760 3719834105227320106 14381340157868995460 9304011013694293550 7539549112527198560 9304011013694293550 14381340157868995460 3719834105227320106 14421995429705846760 5185724347632114038 7241907910640278380 4473666520650421458 11638459321250102704 15681696914715601654 16603379301046918308 8365479752116708898 10419524073377354200 4540827036660993982 10091093788347747308 2693312876646608010 3124864706269028032 9007596122043565797 12671233936501438806 7244640130315136895 1650988108660836940 10692738377369058929 14188224240761717298 2431973789742105947 1861328834488010552 11867601422728396025 14947818008451431990 5986910630992526123 17583687698812951700 9007607943130625829 2105674584108457986 458929076023638279 92947660966812816 17427686431277403 3012192716517082 477542747740513 69042324974532 9041256841903 1063677275518 111315063717 10235867928 814216767 54891018 3049501 134044 4371 94 1 
1 95 4465 138415 3183545 57940519 869107785 11050084695 121550931645 1174992339235 10104934117421 78083581816435 546585072715045 3489735464257595 20439879147794485 110375347398090219 551876736990451095 2564603660132096265 11113282527239083815 8144551568234025913 5123854256095926207 2487984565734406497 8368675357470276399 13728930257216406577 4293302624230116499 16620198030503823245 6434218544421224611 12343726486029895869 8895628238975973835 1469129993107024085 3232085984835452987 12132460828312593829 5818177582915636042 12784406664994355318 14631920825008741290 14960351110038348182 338259751784511482 6522114979454075590 13838332142052968346 8873412162256152742 16112125841900524162 11715574431290699838 12427632258272392418 1160975703628409182 18141829534933166866 18101174263096315566 5238607097853737394 16843560126221492110 16843560126221492110 5238607097853737394 18101174263096315566 18141829534933166866 1160975703628409182 12427632258272392418 11715574431290699838 16112125841900524162 8873412162256152742 13838332142052968346 6522114979454075590 338259751784511482 14960351110038348182 14631920825008741290 12784406664994355318 5818177582915636042 12132460828312593829 3232085984835452987 1469129993107024085 8895628238975973835 12343726486029895869 6434218544421224611 16620198030503823245 4293302624230116499 13728930257216406577 8368675357470276399 2487984565734406497 5123854256095926207 8144551568234025913 11113282527239083815 2564603660132096265 551876736990451095 110375347398090219 20439879147794485 3489735464257595 546585072715045 78083581816435 10104934117421 1174992339235 121550931645 11050084695 869107785 57940519 3183545 138415 4465 95 1 
1 96 4560 142880 3321960 61124064 927048304 11919192480 132601016340 1296543270880 11279926456656 88188515933856 624668654531480 4036320536972640 23929614612052080 130815226545884704 662252084388541314 3116480397122547360 13677886187371180080 811090021763558112 13268405824329952120 7611838821830332704 10856659923204682896 3650861540977131360 18022232881446523076 2466756581024388128 4607672501215496240 331200956741568864 2792610651296318088 10364758232082997920 4701215977942477072 15364546813148046816 17950638411228229871 155840174200439744 8969583416293544992 11145527861337537856 15298610861822859664 6860374731238587072 1913703047797492320 4265000230599569472 6538793930447125288 9380956199481672384 5696462615853540640 13588607961900801600 856061164852024432 17796259724319930816 4893037287240501344 3635423150365677888 15240376178733432604 3635423150365677888 4893037287240501344 17796259724319930816 856061164852024432 13588607961900801600 5696462615853540640 9380956199481672384 6538793930447125288 4265000230599569472 1913703047797492320 6860374731238587072 15298610861822859664 11145527861337537856 8969583416293544992 155840174200439744 17950638411228229871 15364546813148046816 4701215977942477072 10364758232082997920 2792610651296318088 331200956741568864 4607672501215496240 2466756581024388128 18022232881446523076 3650861540977131360 10856659923204682896 7611838821830332704 13268405824329952120 811090021763558112 13677886187371180080 3116480397122547360 662252084388541314 130815226545884704 23929614612052080 4036320536972640 624668654531480 88188515933856 11279926456656 1296543270880 132601016340 11919192480 927048304 61124064 3321960 142880 4560 96 1 
1 97 4656 147440 3464840 64446024 988172368 12846240784 144520208820 1429144287220 12576469727536 99468442390512 712857170465336 4660989191504120 27965935149024720 154744841157936784 793067310934426018 3778732481511088674 16794366584493727440 14488976209134738192 14079495846093510232 2433500572450733208 21754671325463984 14507521464181814256 3226350348714102820 2042245388761359588 7074429082239884368 4938873457957065104 3123811608037886952 13157368883379316008 15065974210025474992 1619018717380972272 14868441150666725071 18106478585428669615 9125423590493984736 1668367203921531232 7997394649450845904 3712241519351895120 8774077779036079392 6178703278397061792 10803794161046694760 15919750129928797672 15077418815335213024 838326504044790624 14444669126752826032 205576815462403632 4242552937850880544 8528460437606179232 429055255389558876 429055255389558876 8528460437606179232 4242552937850880544 205576815462403632 14444669126752826032 838326504044790624 15077418815335213024 15919750129928797672 10803794161046694760 6178703278397061792 8774077779036079392 3712241519351895120 7997394649450845904 1668367203921531232 9125423590493984736 18106478585428669615 14868441150666725071 1619018717380972272 15065974210025474992 13157368883379316008 3123811608037886952 4938873457957065104 7074429082239884368 2042245388761359588 3226350348714102820 14507521464181814256 21754671325463984 2433500572450733208 14079495846093510232 14488976209134738192 16794366584493727440 3778732481511088674 793067310934426018 154744841157936784 27965935149024720 4660989191504120 712857170465336 99468442390512 12576469727536 1429144287220 144520208820 12846240784 988172368 64446024 3464840 147440 4656 97 1 
1 98 4753 152096 3612280 67910864 1052618392 13834413152 157366449604 1573664496040 14005614014756 112044912118048 812325612855848 5373846361969456 32626924340528840 182710776306961504 947812152092362802 4571799792445514692 2126354992295264498 12836598719918914016 10121727981518696808 16512996418544243440 2455255243776197192 14529276135507278240 17733871812895917076 5268595737475462408 9116674471001243956 12013302540196949472 8062685065994952056 16281180491417202960 9776599019695239384 16684992927406447264 16487459868047697343 14528175662385843070 8785158102213102735 10793790794415515968 9665761853372377136 11709636168802741024 12486319298387974512 14952781057433141184 16982497439443756552 8276800217265940816 12550424871554459080 15915745319380003648 15282995630797616656 14650245942215229664 4448129753313284176 12771013375457059776 8957515692995738108 858110510779117752 8957515692995738108 12771013375457059776 4448129753313284176 14650245942215229664 15282995630797616656 15915745319380003648 12550424871554459080 8276800217265940816 16982497439443756552 14952781057433141184 12486319298387974512 11709636168802741024 9665761853372377136 10793790794415515968 8785158102213102735 14528175662385843070 16487459868047697343 16684992927406447264 9776599019695239384 16281180491417202960 8062685065994952056 12013302540196949472 9116674471001243956 5268595737475462408 17733871812895917076 14529276135507278240 2455255243776197192 16512996418544243440 10121727981518696808 12836598719918914016 2126354992295264498 4571799792445514692 947812152092362802 182710776306961504 32626924340528840 5373846361969456 812325612855848 112044912118048 14005614014756 1573664496040 157366449604 13834413152 1052618392 67910864 3612280 152096 4753 98 1 
1 99 4851 156849 3764376 71523144 1120529256 14887031544 171200862756 1731030945644 15579278510796 126050526132804 924370524973896 6186171974825304 38000770702498296 215337700647490344 1130522928399324306 5519611944537877494 6698154784740779190 14962953712214178514 4511582627728059208 8187980326353388632 521507588610889016 16984531379283475432 13816403874693643700 4555723476661827868 14385270208476706364 2683232937488641812 1629243532482349912 5897121483702603400 7611035437402890728 8014847873392135032 14725708721744592991 12568891456723988797 4866589690889394189 1132204822919067087 2012808574078341488 2928653948465566544 5749211393481163920 8992356282111564080 13488534423167346120 6812553583000145752 2380481015110848280 10019426117224911112 12751996876468068688 11486497499303294704 651631621818962224 17219143128770343952 3281784994743246268 9815626203774855860 9815626203774855860 3281784994743246268 17219143128770343952 651631621818962224 11486497499303294704 12751996876468068688 10019426117224911112 2380481015110848280 6812553583000145752 13488534423167346120 8992356282111564080 5749211393481163920 2928653948465566544 2012808574078341488 1132204822919067087 4866589690889394189 12568891456723988797 14725708721744592991 8014847873392135032 7611035437402890728 5897121483702603400 1629243532482349912 2683232937488641812 14385270208476706364 4555723476661827868 13816403874693643700 16984531379283475432 521507588610889016 8187980326353388632 4511582627728059208 14962953712214178514 6698154784740779190 5519611944537877494 1130522928399324306 215337700647490344 38000770702498296 6186171974825304 924370524973896 126050526132804 15579278510796 1731030945644 171200862756 14887031544 1120529256 71523144 3764376 156849 4851 99 1 
